           Value     Percentile TotalCount 1/(1-Percentile)
    
           3.600 0.000000000000          3           1.00
           3.900 0.100000000000         12           1.11
           4.400 0.200000000000         20           1.25
           4.800 0.300000000000         30           1.43
           5.400 0.400000000000         40           1.67
          11.400 0.500000000000         51           2.00
          12.000 0.550000000000         55           2.22
          12.800 0.600000000000         60           2.50
          14.000 0.650000000000         66           2.86
          15.400 0.700000000000         70           3.33
          18.700 0.750000000000         75           4.00
          21.000 0.775000000000         77           4.44
          24.300 0.800000000000         80           5.00
          48.900 0.825000000000         82           5.71
      494796.700 0.850000000000         85           6.67
      499302.300 0.875000000000         87           8.00
      499711.900 0.887500000000         88           8.89
      508313.500 0.900000000000         90          10.00
      510361.500 0.912500000000         91          11.43
      513228.700 0.925000000000         92          13.33
      529203.100 0.937500000000         93          16.00
      533299.100 0.943750000000         94          17.78
      555417.500 0.950000000000         95          20.00
      555417.500 0.956250000000         95          22.86
      670515.100 0.962500000000         96          26.67
      670515.100 0.968750000000         96          32.00
      719257.500 0.971875000000         97          35.56
      719257.500 0.975000000000         97          40.00
      719257.500 0.978125000000         97          45.71
      771276.700 0.981250000000         98          53.33
      771276.700 0.984375000000         98          64.00
      771276.700 0.985937500000         98          71.11
      771276.700 0.987500000000         98          80.00
      771276.700 0.989062500000         98          91.43
     1078067.100 0.990625000000         99         106.67
     1078067.100 1.000000000000         99
    #[Mean    =    94640.764, StdDeviation   =   224091.103]
    #[Max     =  1078067.100, Total count    =           99]
    #[Buckets =           18, SubBuckets     =         2048]